End Date: 05
Subject: PF27
Experiment: GONAD
Group: V
Box: 11
Start Time: 15:45:45
End Time: 16:17:29
MSN: STANDARD
B:       0.000
C:       0.000
G:       0.000
H:       0.000
I:     224.000
J:       0.000
K:       0.000
L:       0.000
M:       0.000
O:       0.000
P:       0.000
S:       0.000
T:    6444.000
U:       0.000
V:       0.000
W:       0.000
X:       0.000
Y:       0.000
Z:   12000.000
A:
     0:      224.000        0.000        0.000        0.000        0.000
D:
     0:   120000.000        6.000   120000.000        0.000        0.000
     5:        0.000        0.000
E:
     0:      120.100        8.100        4.100        2.100        9.100
     5:        1.100        2.100        3.100        4.100        1.100
    10:        1.100        0.100        5.100        1.100        4.100
    15:        6.100        1.100        1.100        1.100        1.100
    20:        3.100        2.100        2.100        1.100       87.100
    25:        2.100        1.100        6.100        3.100        8.100
    30:        1.100        1.100        1.100       22.100        1.100
    35:        1.100      155.100       30.100       27.100       14.100
    40:        7.100        0.100        0.100        4.100        4.100
    45:       10.100        2.100        6.100        1.100        3.100
    50:        4.100        8.100        4.100        6.100        1.100
    55:        5.100        3.100        2.100        7.100        1.100
    60:        1.100        3.100        6.100       21.100        4.100
    65:       30.100        5.100        2.100      126.100       10.100
    70:      511.100       11.100        1.100       92.100        3.100
    75:        1.100        1.100        8.100        3.100        1.100
    80:        2.100       11.100        4.100        1.100        1.100
    85:        6.100       15.100        3.100       88.100        2.100
    90:        5.100        1.100        6.100        1.100        7.100
    95:        2.100        2.100        1.100       17.100        1.100
   100:        1.100        3.100        2.100        2.100        1.100
   105:        2.100        1.100        3.100        1.100        3.100
   110:        5.100        6.100        1.100        1.100        2.100
   115:       18.100        2.100        1.100        2.100        2.100
   120:       13.100        0.100        7.100        3.100       32.100
   125:        3.100        4.100        1.100        2.100        1.100
   130:        1.100        1.100        1.100        1.100        2.100
   135:        1.100        1.100        1.100        1.100        2.100
   140:       39.100      155.100        2.100        1.100        2.100
   145:        3.100        2.100        1.100        2.100       21.100
   150:        3.100        4.100       25.100        1.100      165.100
   155:        3.100        2.100        4.100        9.100        1.100
   160:        1.100        1.100        6.100        4.100        1.100
   165:        2.100        1.100       16.100        3.100        1.100
   170:        1.100       15.100        3.100        2.100       12.100
   175:       27.100       13.100       26.100        4.100        1.100
   180:        1.100        5.100        1.100        1.100        3.100
   185:        5.100       22.100       19.100        1.100        1.100
   190:       17.100      164.100        9.100        6.100        1.100
   195:        2.100        9.100        9.100        2.100        1.100
   200:        2.100        1.100      699.100        6.100     1698.100
   205:       15.100        9.100        1.100        1.100        2.100
   210:        6.100        5.100        4.100        5.100        3.100
   215:       10.100       16.100        1.100        2.100        1.100
   220:       10.100        2.100      322.100        2.100
F:
N:
     0:        0.000        0.000        0.000        0.000        0.000
     5:        0.000
Q:
     0:       20.000        0.001       20.000        0.000        0.000
     5:        0.000        0.000
R:
     0:      999.000        0.000        0.000



