End Date: 05
Subject: PF22
Experiment: GONAD
Group: S
Box: 6
Start Time: 15:45:45
End Time: 16:14:31
MSN: STANDARD
B:       0.000
C:       0.000
G:       0.000
H:       0.000
I:     222.000
J:       0.000
K:       0.000
L:       0.000
M:       0.000
O:       0.000
P:       0.000
S:       0.000
T:    2214.000
U:       0.000
V:       0.000
W:       0.000
X:       0.000
Y:       0.000
Z:   12000.000
A:
     0:      222.000        0.000        0.000        0.000        0.000
D:
     0:   120000.000        6.000   120000.000        0.000        0.000
     5:        0.000        0.000
E:
     0:       78.100       10.100        1.100        1.100        1.100
     5:        1.100        1.100        2.100        2.100        2.100
    10:        3.100       55.100        1.100        1.100        1.100
    15:        1.100        1.100        1.100        1.100        1.100
    20:       16.100        2.100        1.100        2.100       31.100
    25:        1.100        0.100        1.100        2.100        5.100
    30:       16.100        2.100        0.100        1.100        1.100
    35:        1.100        4.100       88.100        4.100        1.100
    40:        1.100        7.100       23.100        1.100        1.100
    45:        1.100        1.100        1.100        0.100        6.100
    50:        1.100       26.100        1.100        2.100        1.100
    55:        1.100        2.100        1.100        1.100      115.100
    60:        4.100        1.100        1.100        2.100        1.100
    65:       11.100        6.100        1.100        1.100        3.100
    70:        1.100        1.100        1.100       19.100        9.100
    75:        6.100        1.100        1.100        1.100        1.100
    80:        1.100        2.100        2.100       17.100        1.100
    85:       24.100      149.100       34.100       77.100       19.100
    90:      172.100        2.100      208.100        1.100        1.100
    95:        6.100        1.100        2.100        3.100        5.100
   100:        1.100        1.100        2.100        2.100        1.100
   105:        1.100        1.100        3.100        1.100        6.100
   110:        2.100        1.100        1.100        1.100        1.100
   115:        1.100        1.100       23.100        2.100      299.100
   120:        7.100        1.100        0.100        6.100       14.100
   125:       10.100     2229.100        1.100        1.100        1.100
   130:        1.100        1.100        1.100        5.100       16.100
   135:        1.100        1.100        2.100        2.100        1.100
   140:       16.100        2.100        5.100        5.100       52.100
   145:        5.100        1.100        1.100        1.100        1.100
   150:        1.100        1.100        1.100        1.100        1.100
   155:        1.100        4.100       18.100       36.100       38.100
   160:     3194.100        1.100        0.100        1.100        1.100
   165:       69.100        0.100        1.100        1.100        1.100
   170:       13.100        1.100        2.100        1.100        2.100
   175:        1.100        1.100        3.100        1.100        1.100
   180:        1.100       12.100      259.100        1.100        1.100
   185:        1.100        1.100        3.100       11.100        4.100
   190:        2.100        1.100        1.100        1.100        3.100
   195:        1.100        5.100        1.100       12.100        1.100
   200:        1.100        1.100        1.100        1.100        1.100
   205:        1.100        1.100        0.100        1.100        1.100
   210:        2.100       10.100        1.100        1.100        1.100
   215:        1.100        3.100        1.100       11.100      110.100
   220:       58.100     1704.100
F:
N:
     0:        0.000        0.000        0.000        0.000        0.000
     5:        0.000
Q:
     0:       20.000        0.001       20.000        0.000        0.000
     5:        0.000        0.000
R:
     0:      999.000        0.000        0.000



