End Date: 05
Subject: PF17
Experiment: GONAD
Group: T
Box: 1
Start Time: 15:45:45
End Time: 16:11:11
MSN: STANDARD
B:       0.000
C:       0.000
G:       0.000
H:       0.000
I:     171.000
J:       0.000
K:       0.000
L:       0.000
M:       0.000
O:       0.000
P:       0.000
S:       0.000
T:       2.000
U:       0.000
V:       0.000
W:       0.000
X:       0.000
Y:       0.000
Z:   12000.000
A:
     0:      171.000        0.000        0.000        0.000        0.000
D:
     0:   120000.000        6.000   120000.000        0.000        0.000
     5:        0.000        0.000
E:
     0:       71.100       69.100        3.100       69.100        3.100
     5:        2.100       19.100        6.100       65.100       16.100
    10:        4.100        2.100        6.100       10.100        2.100
    15:       37.100        2.100        1.100        1.100       16.100
    20:        6.100       53.100        2.100       57.100        5.100
    25:      117.100        1.100        2.100        2.100        5.100
    30:        1.100       11.100        8.100       26.100        5.100
    35:        1.100        5.100        4.100       83.100        9.100
    40:        3.100       24.100        1.100        1.100        3.100
    45:       10.100       10.100        6.100        9.100       48.100
    50:        3.100        2.100        3.100       52.100        4.100
    55:        2.100        1.100       85.100        1.100        1.100
    60:        3.100       14.100       72.100        6.100        1.100
    65:        4.100        1.100      210.100        1.100        9.100
    70:       16.100       66.100        2.100        1.100        1.100
    75:       13.100        3.100        7.100       99.100        4.100
    80:        2.100      256.100      181.100        8.100      123.100
    85:        4.100        2.100       11.100       18.100        1.100
    90:      106.100       11.100        9.100        2.100        3.100
    95:        6.100       60.100        3.100        2.100        2.100
   100:        6.100        8.100        2.100       12.100        4.100
   105:        6.100      194.100        5.100      145.100        9.100
   110:       63.100      364.100        8.100        2.100        5.100
   115:     1064.100       14.100        2.100        8.100       34.100
   120:        7.100      446.100        4.100        4.100       11.100
   125:        2.100        2.100        8.100       65.100        3.100
   130:       39.100        5.100        4.100       43.100        4.100
   135:        3.100        3.100        3.100       10.100        2.100
   140:       67.100       74.100        7.100        6.100       19.100
   145:        5.100       11.100        7.100        3.100       11.100
   150:      108.100     2548.100      135.100       22.100        2.100
   155:      778.100       66.100       76.100        7.100        3.100
   160:        9.100     1801.100       19.100       90.100      489.100
   165:       26.100      102.100       18.100        3.100      355.100
   170:       16.100
F:
N:
     0:        0.000        0.000        0.000        0.000        0.000
     5:        0.000
Q:
     0:       20.000        0.001       20.000        0.000        0.000
     5:        0.000        0.000
R:
     0:      999.000        0.000        0.000



