End Date: 05
Subject: PF23
Experiment: GONAD
Group: S
Box: 7
Start Time: 15:45:45
End Time: 16:15:15
MSN: STANDARD
B:       0.000
C:       0.000
G:       0.000
H:       0.000
I:     143.000
J:       0.000
K:       0.000
L:       0.000
M:       0.000
O:       0.000
P:       0.000
S:       0.000
T:     101.000
U:       0.000
V:       0.000
W:       0.000
X:       0.000
Y:       0.000
Z:   12000.000
A:
     0:      143.000        0.000        0.000        0.000        0.000
D:
     0:   120000.000        6.000   120000.000        0.000        0.000
     5:        0.000        0.000
E:
     0:       58.100       63.100       14.100        3.100        6.100
     5:       15.100        9.100        7.100        3.100        2.100
    10:        1.100        1.100        1.100        1.100       13.100
    15:       31.100        3.100        1.100        4.100        0.100
    20:        0.100        2.100       14.100       12.100       18.100
    25:        2.100        3.100        5.100       59.100        8.100
    30:       13.100       12.100        2.100        6.100        2.100
    35:        8.100        2.100       38.100        2.100        5.100
    40:        0.100       20.100        3.100        1.100        1.100
    45:       46.100        2.100        7.100        1.100        1.100
    50:        0.100        6.100        4.100        2.100        5.100
    55:        3.100       57.100        2.100        2.100        1.100
    60:       59.100        6.100        1.100        7.100       38.100
    65:      102.100        2.100        5.100        1.100        4.100
    70:        2.100        1.100       19.100        1.100       17.100
    75:       33.100        8.100        1.100        1.100        1.100
    80:        2.100        8.100       22.100       28.100      646.100
    85:      398.100       45.100       10.100        4.100        2.100
    90:        3.100        1.100        6.100        6.100       13.100
    95:       13.100        4.100        4.100        2.100        2.100
   100:        0.100       28.100       81.100        3.100      136.100
   105:       23.100        5.100       28.100        1.100      555.100
   110:        1.100     2033.100       14.100       21.100       17.100
   115:       14.100       47.100       14.100       43.100        1.100
   120:        1.100        9.100       17.100      173.100       11.100
   125:        2.100       20.100        9.100        3.100       11.100
   130:       52.100        1.100       24.100        7.100       12.100
   135:       44.100        6.100     2327.100       14.100      398.100
   140:       27.100      589.100     2874.100
F:
N:
     0:        0.000        0.000        0.000        0.000        0.000
     5:        0.000
Q:
     0:       20.000        0.001       20.000        0.000        0.000
     5:        0.000        0.000
R:
     0:      999.000        0.000        0.000



